10000142
10000143
10000282
10000285
10044671
10044827
10049454
10049455
10050540
10064523
10067994
10073416
10084297
10084887
10085783
10085785
10088605
10112447
10129532
10149241
10173258
10183445
10185862
10202870
10208261
10213181
10233533
10252343
10259669
10276491
10278661
10283113
10311597
10311600
10312044
10316108
10324740
10324742
10326250
10346394
10369197
10374439
10383610
10393343
10396001
10397765
10406304
10418995
10442316
10442464
10445482
10447282
10470591
10476801
10498589
10514261
10521147
10555431
10555524
10556383
10560795
10567389
10646645
10663572
10677240
10701797
10706742
10722141
10744378
10744778
10744812
10744904
10745250
10747027
10760472
10818802
10819371
10840520
10841867
10841868
10842787
10860547
10874844
10879027
10883657
10884618
10898919
10898976
10909181
10910302
10917258
10951229
10951230
10955234
10981319
11155004
11164474
11188233
11188255
11188271
11188286
11188294
11188297
11239081
11285478
11673200
11673260
11716774
11740770
11747488
11751291
11751633
11781194
11849746
11876617
11878788
11892435
11895581
11906260
11919586
11958849
11962966
11968594
11970771
11970772
11971330
11974681
11975285
11986615
11987058
11992994
11998259
12008291
12008292
12009026
12020314
12026823
12026824
12026825
12028762
12035620
12035853
12036225
12039921
12061836
12066457
12082338
12085969
12087148
12087285
12095869
12101622
12105015
12117243
12129230
12139516
12156502
12162867
12165842
12165982
12206110
12208254
12217426
12222101
12224223
12235099
12237437
12257086
12265507
12265603
12275132
12284832
12286326
12296410
12299592
12308315
12308366
12362670
12406964
12407039
12417190
12456133
12466770
12467410
12468477
12468643
12469016
12472824
12478035
12484148
12512263
12521273
12526376
12526377
12543457
12555178
12555185
12562954
12573025
12575249
12575995
12577544
12582519
12589367
12589369
12594510
12608734
12612835
12614284
12643823
12645177
12672253
12740651
12867845
12871855
12874789
12876379
12911366
12913917
12914295
12933940
12954216
12977096
12983644
12990838
13001863
13001864
13013222
13029238
13046512
13063897
13084155
13085508
13090257
13096291
13123744
13125047
13130771
13143778
13186427
13208796
13212580
13212789
13215709
13226825
13238123
13265132
13265134
13278194
13283289
13294650
13309360
13326365
13339091
13347756
13363034
13379552
13380910
13399495
13399496
13400726
13414430
13414437
13417442
13426494
13426496
13426735
13442623
13452467
13467991
13467992
13468908
13469221
13493634
13501415
13502273
13508757
13515092
13519500
13528180
13528182
13534323
13566034
13578506
13589268
13602061
13614231
13619502
13620090
13626006
13642825
13653692
13684766
13721591
13742989
13750889
13776329
13802041
13802356
13833634
13835733
13852315
13853471
13862827
13868489
13876454
13877577
13887874
13887875
13899585
13960281
13963502
13964328
14023900
14026737
14056600
14065152
14085254
14115180
14139615
14152020
14152021
14154558
14157516
14174427
14175505
14201705
14215703
14215704
14218027
14244693
14244764
14244948
14261773
14262752
14282387
14445877
14447393
14450861
14453681
14462196
14464726
14475688
14486257
14487199
14514247
14517738
14537552
14539597
14541230
14549737
14579749
14590132
14600646
14676444
14678602
14687523
14688381
14695464
14698317
14700032
14700977
14705720
14744661
14758185
14758249
14758926
14791005
14792796
14814280
14823573
14830176
14843007
14856295
14856296
14859295
14859297
14859300
14867600
14870932
14873422
14889789
14900713
14902838
14908401
14909648
14918518
14928990
14938538
14942010
14950090
14957820
14980647
14985231
15023483
15046186
15046190
15046202
15046203
15046204
15046207
15046221
15046232
15046233
15046271
15046358
15067771
15073082
15073083
15073086
15073548
15073659
15074120
15074266
15074269
15074270
15074271
15074272
15074277
15074279
15074280
15074284
15074285
15100419
15114606
15120426
15124980
15133586
15188600
15200606
15201055
15203198
15203387
15216205
15232343
15239789
15275007
15290966
15320674
15322291
15364581
15371201
15752162
15768624
15852263
15936623
15936624
15936625
16066405
16066407
16086426
16087496
16090033
16094283
16114865
16140121
16163073
16164307
16164308
16172470
16267755
16316508
16352411
16352412
16352413
16352576
16352577
16352578
16452528
16551711
16593243
16598404
16601654
16601671
16601686
16601687
16601767
16601808
16601831
16601859
16648346
16648385
16678469
17168161
17221692
17222942
17332387
18037498
18050004
18091555
18176716
18177419
18198425
18717348
18808936
18902823
18902825
18902826
18902827
18902830
18902831
18902832
18902833
18902834
18902835
18902836
18902838
18902839
18902840
18902841
18914515
19189669
19613972
19620806
19743671
19760619
20181356
20330890
20396207
20396208
20672287
20843509
20847547
20853648
20858942
2094918
21048523
21111178
21162896
21249287
21290946
21325615
21503161
21511275
21574144
21772620
21832054
23338949
2950824
2981171
3150949
3929107
3969372
4005670
4063220
4234292
4235613
4330888
4367753
4427019
4538609
4610404
4664145
4674175
4683583
4732972
4748309
4752085
4752086
4762341
4787760
4817697
4822021
4850963
4850965
4864467
4865898
4868340
4869962
4877498
4884752
4890427
4917420
4945546
4949241
4951240
4971352
4974715
4977479
4978732
4978753
4980643
4980975
4989111
4989581
4991481
4991935
4992608
4993272
4993825
4993897
4994254
4995129
4996107
4996835
4996840
4996847
4996995
4997071
4997073
4997278
4997618
4997798
4998061
4998173
4998196
4998421
4999234
5002338
5002339
5002864
5005895
5005899
5005995
5006046
5006063
5006091
5006116
5006137
5006139
5006210
5006214
5006234
5006312
5007653
5010215
5015114
5015195
5015217
5016093
5017931
5021645
5025133
5025134
5025135
5025647
5026205
5034907
5034908
5035408
5036457
5041080
5041197
5042138
5043130
5043712
5046997
5048942
5048944
5049014
5056441
5059099
5059247
5059452
5059631
5059977
5064191
5065034
5071526
5071707
5071801
5071804
5075029
5075311
5075842
5081693
5081694
5081773
5081824
5081890
5083500
5085469
5091434
5092771
5097467
5098201
5103025
5104245
5105222
5105908
5106004
5106136
5106332
5106967
5106980
5112082
5112767
5114159
5297533
5297534
5313226
5517145
5517410
5518001
5518002
5520097
5528331
5588114
5607338
5609052
5609053
5610490
5610983
5610984
5616481
5622397
5623803
5624143
5626656
5626657
5628463
5629263
5631657
5634344
5634547
5635705
5636391
5636713
5637266
5637791
5637839
5775064
5776922
5872600
5903713
5969278
5972446
5972447
5972689
5973238
5975309
5975833
5976932
5976994
5987441
5989534
5993910
5993932
6001911
6002015
6004284
6004775
6006647
6006648
6008017
6009930
6012533
6012534
6012535
6018213
6018483
6018533
6018643
6019967
6020259
6023344
6026040
6026699
6026801
6030075
6033403
6045419
6047411
6048670
6049257
6050082
6052380
6052797
6120661
6127777
6127778
6127779
6127780
6128950
6130869
6132539
6132566
6132724
6132976
6133131
6136886
6137169
6139260
6139437
6140574
6142490
6144793
6144795
6144840
6146410
6153158
6155707
6156385
6162141
6162487
6163371
6163628
6163914
6179936
6183970
6185714
6190436
6190437
6190438
6191662
6191844
6193724
6196263
6196265
6196266
6199005
6199732
6203296
6203297
6203639
6204280
6228240
6230704
6233474
6245924
6248551
6248736
6249696
6251323
6251764
6252041
6257608
6257639
6262927
6263077
6263727
6265452
6267117
6267118
6267724
6268570
6268571
6268572
6268724
6269791
6271458
6273692
6284463
6289476
6290090
6293902
6302726
6312927
6313873
6315736
6323697
6325518
6335585
6340440
6368215
6368369
6375030
6386114
6420679
6420849
6423227
6423300
6423828
6438689
6438690
6452176
6466395
6480918
6484260
6484632
6491535
6491812
6491813
6492703
6494557
6498517
6498833
6512624
6552808
6556241
6556562
6574725
6574728
6595807
6596362
6603211
6603212
6611005
6611564
6612668
6621716
6621717
6623292
6623293
6623958
6637509
6638621
6640615
6641421
6655379
6655418
6680931
6692998
6708785
6721190
6721192
6721574
6726865
6729141
6746137
6749708
6753115
6753118
6757592
6763947
6763948
6763949
6774644
6779361
6815271
6815274
6827269
6836432
6838310
6846249
6852120
6860575
6862567
6870561
6871254
6887809
6896232
6904822
6907597
6916865
6933384
6935770
6939836
6945295
6947099
6960050
6961047
6967137
6979823
6979855
7060928
7060937
7065643
7065667
7069030
7069723
7075345
7083947
7087977
7090797
7096882
7099265
7109994
7109995
7111749
7120750
7120751
7130808
7132154
7133805
7138995
7144094
7144707
7145650
7153087
7153123
7161446
7207374
7218121
7262382
7265575
7295698
7296031
7296032
7352821
7364106
7371845
7377094
7377773
7379885
7403062
7467223
7490245
7490247
7522383
7540647
7541052
7542247
7542250
7561325
7563757
7565811
7567443
7586402
7602005
7607353
7610299
7617687
7796310
7865205
8001180
8081495
8092324
8092621
8110736
8113050
8116728
8120829
8120949
8125563
8126268
8127259
8127887
8134575
8148046
8208653
8225487
8241470
8255730
8274225
8280408
8285793
8297351
8308528
8311569
8319691
8319912
8362937
8363074
8363400
8368006
8368008
8374851
8375359
8388131
8390436
8410780
8414749
8418638
8436289
8443563
8444103
8449926
8454794
8454795
8455664
8464582
8471228
8475018
8487977
8568373
8583688
8587150
8592089
8592117
8606131
8634873
8648706
8662642
8670799
8680293
8682516
8682517
8696306
8696887
8696888
8696889
8705434
8709083
8720204
8721716
8724214
8731231
8750469
8752363
8752537
8770379
8780397
8784388
8794154
8795180
8811539
8814764
8828438
8845662
8845671
8857341
8862955
8864101
8868815
8868824
8880170
8880171
8895155
8897460
8898181
8905915
8911802
8939157
8940550
8940555
8940905
8940917
8971151
8979105
8993322
8996248
9047346
9059444
9073868
9074182
9074184
9074423
9074466
9075120
9077340
9079714
9080119
9088173
9092127
9092261
9093502
9096353
9097549
9117166
9132245
9153990
9158256
9173036
9186124
9189879
9189880
9203615
9205401
9210240
9216017
9216018
9217253
9242080
9242673
9270330
9271085
9274592
9298243
9495843
9520366
9535275
9537089
9537090
9545017
9545018
9552971
9563789
9563790
9565464
9578794
9625818
9625866
9649352
9658179
9675314
9685450
9694292
9713569
9732960
9737875
9788594
9797303
9797305
9810923
9846293
9851418
9851486
9870074
9871574
9911057
9924000
9948500
9956477
9983911
9983913
9986403
9998360