10039041
10049626
10053550
10065241
10093251
10116964
10119713
10133454
10177242
10180423
10262538
10264346
10267007
10277725
10277726
10311382
10325758
10334704
10344108
10349305
10349315
10369958
10370119
10373709
10373951
10374028
10374766
10708165
10761363
10775507
10781886
10786523
10911030
10991810
11720633
11720690
11720752
11720803
11873779
11888654
11897855
11897914
11913597
11959312
11960182
12021544
12028767
12031789
12057154
12082651
12085136
12089664
12161914
12165389
12217476
12224401
12259917
12260814
12262227
12292733
12390559
12440789
12441086
12527166
12560928
12576816
12578741
12629167
12636672
12708518
12851299
12851566
12851719
12851861
12878857
12946465
12950060
12957103
12986165
12986233
12986378
12986557
13032545
13058955
13070848
13090221
13093324
13093423
13093469
13121540
13150188
13166714
13184079
13186947
13272324
13307144
13338509
13356615
13410421
13424126
13439029
13445909
13491285
13500156
13518544
13519542
13540238
13582904
13627065
13627296
13627706
13677544
13685661
13733841
13751442
13794131
13888530
13925534
13935174
13936691
14047929
14081993
14103761
14132514
14154542
14188448
14230356
14294517
14416567
14470836
14518982
14588912
14611541
14612972
14618765
14622236
14836629
14845923
14850513
14859489
14867005
14885269
14894021
14896339
14902196
14908096
14945228
15086434
15168642
15447751
15484185
15484685
15484689
15485248
15537721
15546645
16080492
16099500
16274182
16274186
17097560
19745792
19781463
19792521
20956795
21025916
22336727
22395418
2680251
2751924
2751930
2808936
2864435
2962255
2977312
3049785
3053140
4072838
4183476
4216920
4269856
4298540
4514945
4557136
4799793
4966283
4979580
4997953
4998150
5000783
5002409
5003065
5016739
5016943
5024110
5025595
5026247
5069638
5069689
5070887
5073012
5073761
5084482
5089127
5092034
5096515
5097388
5104802
5105786
5197150
5307960
5610760
5615382
5622278
5623975
5624556
5973297
6008482
6009129
6014404
6018649
6019141
6023516
6023829
6026544
6038824
6040266
6053037
6104268
6125798
6132301
6136991
6136997
6137440
6137857
6147870
6155550
6156424
6162198
6162200
6162443
6177041
6194782
6205245
6205760
6205778
6233605
6259052
6271136
6304962
6326730
6330336
6358882
6359308
6387467
6404526
6407630
6425209
6443642
6461655
6468510
6487153
6526060
6526180
6572884
6607937
6644886
6647123
6656020
6722092
6726252
6752366
6755910
6756890
6829511
6829569
6829627
6914104
6961423
6963022
6963218
6978365
6981430
6982314
6985263
6985310
7062328
7091924
7114939
7144866
7154886
7157272
7157275
7203557
7221334
7275139
7275673
7278545
7298988
7300941
7338219
7350261
7369737
7375804
7378666
7465222
7467401
7584254
8079310
8115626
8127133
8252150
8268982
8285448
8315383
8367950
8376712
8438150
8527902
8532491
8532493
8587245
8644100
8644592
8645332
8665607
8705143
8830249
8922559
8941836
8946341
8951930
8962853
8969355
8969499
8987580
8993528
9009794
9053393
9062834
9070077
9070445
9098134
9099702
9101311
9115100
9116535
9136518
9160466
9230923
9240646
9240721
9582885
9617345
9620171
9622920
9636290
9694307
9853784
9860152
9860778
9860922
9874455
9881584
9948056